1	-0.0961048
2	0.1644203
3	1.2794516
4	-1.4404045
5	1.3524323
6	0.4055436
7	3.2933719
8	-3.0803378
9	1.1314073
10	-1.7616384
11	-2.320368
12	0.8993919
13	0.6613375
14	-1.073811
15	-2.3059548
16	-0.4922956
17	-1.8915457
18	3.4358691
19	-0.1846463
20	-3.9258439
21	-0.8947295
22	-1.2835881
23	1.4401432
24	-2.8579818
25	2.2589507
26	1.1301361
27	1.4435638
28	-1.7099987
29	-1.8789822
30	1.4168084
31	-0.633291
32	1.5225345
33	0.791135
34	-1.4758344
35	0.2744707
36	1.8888538
37	-0.2389755
38	-2.6821759
39	-4.3615912
40	0.7021245
41	-2.7415258
42	3.5392091
43	0.1529266
44	-0.7854605
45	-2.1981366
46	2.3144065
47	0.038825
48	2.0784389
49	-3.9262087
50	-1.4046985
51	-0.5767179
52	-1.7772029
53	0.7027794
54	0.8536455
55	-0.1652714
56	0.5051318
57	-0.5005976
58	0.3423691
59	1.2266086
60	-1.6673006
61	3.9427453
62	-1.3800848
63	-5.7611723
64	0.2055182
65	1.5976426
66	1.2211461
67	2.3064305
68	3.0095325
69	0.4600139
70	0.7264083
71	-0.7732154
72	-0.458351
73	0.6534109
74	0.6165752
75	1.1817785
76	0.1363894
77	-1.5179118
78	-0.3860211
79	0.4321829
80	-3.7530036
81	-0.1112228
82	3.6859992
83	-1.2200592
84	-1.653194
85	-1.3576343
86	0.9673761
87	2.4925446
88	3.5674233
89	-5.1135608
90	0.8251545
91	-2.0105743
92	-1.7681364
93	0.7971508
94	-3.6724151
95	-3.1442022
96	3.4856209
97	0.9014664
98	2.4607064
99	-0.6066189
100	-2.7481479
101	3.6888649
102	1.687306
103	-0.0375799
104	1.8477794
105	-1.8805904
106	-1.2790371
107	0.785408
108	2.9102933
109	0.6563998
110	1.1604838
111	0.7314347
112	-0.9921166
113	4.1053847
114	2.3696883
115	1.3919977
116	1.8784432
117	-3.2305957
118	2.8119875
119	-1.0681341
120	-2.1331174
121	-1.761511
122	2.8567778
123	-0.3999219
124	0.3149102
125	-2.8012474
126	2.9628527
127	3.0311201
128	-0.6614775
129	-0.327378
130	0.3028672
131	-1.2734484
132	1.9368079
133	-4.3688026
134	0.4824863
135	-0.7223567
136	-0.8315175
137	1.3776192
138	2.7133166
139	2.2449866
140	1.996112
141	3.1161089
142	-0.2270748
143	-0.3049336
144	-1.9959464
145	-1.3839458
146	-4.3447416
147	-0.3656048
148	-3.0357922
149	3.197764
150	2.4004977
151	-4.7151644
152	-1.8343926
153	-1.6665673
154	0.066334
155	3.2583859
156	-3.8784763
157	-0.1159304
158	-6.2027604
159	-6.308811
160	-1.0588035
161	-0.3169918
162	-3.0301084
163	-1.9041474
164	-2.7615762
165	0.5101722
166	3.2692281
167	-2.4014855
168	1.2192829
169	2.2477131
170	0.5857791
171	1.9353459
172	0.6314494
173	1.2414892
174	-2.5291798
175	2.3858219
176	3.1640262
177	-1.5370082
178	-0.0798357
179	0.1642713
180	-1.2336178
181	-2.5632522
182	-0.3890463
183	4.0953727
184	-2.1333946
185	-1.9542853
186	1.0827225
187	-0.4910179
188	-2.1532287
189	-1.0272016
190	-2.7556125
191	1.1510419
192	4.783639
193	-1.0558486
194	-0.8576761
195	-4.5711805
196	0.9659607
197	3.9603202
198	4.1427683
199	-0.0899183
200	-1.3878215
201	0.509597
202	1.6303429
203	2.1185815
204	0.0793776
205	-2.5983902
206	17.3925346
207	15.2166281
208	13.2411415
209	15.7961938
210	10.7995902
211	13.7555348
212	17.3315427
213	12.6071437
214	14.1862321
215	12.9697481
216	13.6235037
217	17.8156187
218	12.0870029
219	12.7313912
220	18.3469642
221	15.8439702
222	8.4183605
223	14.4795526
224	18.6404975
225	16.4986068
226	15.9007699
227	11.9106079
228	13.8403983
229	13.83491
230	11.9938244
231	16.1161325
232	12.1152455
233	16.1878139
234	14.7755514
235	15.1423566
236	15.7489583
237	11.0814463
238	16.9907763
239	14.7101686
240	15.13578
241	13.4862314
242	15.9928646
243	14.0471891
244	8.0051361
245	16.4522542
246	15.4838214
247	11.2537517
248	12.4849396
249	13.4965226
250	10.8847107
251	12.724318
252	13.6581883
253	14.7029336
254	12.2462631
255	14.7713772
256	15.5599573
257	15.2670107
258	14.9790412
259	18.7776914
260	14.5397886
261	13.6489113
262	15.8030253
263	14.0299231
264	15.5933389
265	12.5515516
266	10.8358046
267	-2.6288949
268	-3.1720677
269	-3.9509594
270	-3.4175976
271	-5.1276721
272	-0.0295471
273	-1.059021
274	-2.1796914
275	-3.4898676
276	-7.2918115
277	-5.0060245
278	-2.7910993
279	-4.9656982
280	-0.5943599
281	-0.0202339
282	-5.7436557
283	-4.9847141
284	-4.302595
285	-3.5077416
286	-2.532443
287	-9.975211
288	-7.7650105
289	-2.9938616
290	-4.2422928
291	-2.9949847
292	0.4682995
293	-2.8993202
294	-2.2999445
295	-3.6104763
296	-1.7925879
297	0.4473365
298	-3.6006321
299	-1.2774688
300	-6.4646015
301	-5.3783192
302	-4.5286237
303	0.2963016
304	-2.4749986
305	-4.2290087
306	-2.4751344
307	-3.0796616
308	8.2090662
309	5.3890186
310	4.2292072
311	9.8096654
312	11.2305306
313	8.4820481
314	6.2914149
315	8.4374504
316	5.1302045
317	9.3966586
318	7.9896111
319	7.753634
320	7.5542277
321	10.8249297
322	5.8808701
323	6.9441108
324	6.9979231
325	9.6501236
326	7.1149813
327	7.1701155
328	7.090841
329	6.4994563
330	5.4873546
331	6.4697219
332	10.7177229
333	7.7338445
334	6.5142662
335	6.5660434
336	8.2991778
337	5.6052634
338	10.6348701
339	9.4163621
340	6.0578873
341	4.9722458
342	4.1552508
343	8.1445284
344	7.5760444
345	5.8219014
346	7.8715368
347	10.8292771
348	6.6803223
349	8.3915885
350	6.5737987
351	7.6597564
352	7.4242159
353	5.134797
354	9.3862729
355	9.4006577
356	5.1152558
357	8.0035445
358	9.9947328
359	9.1386591
360	4.9789736
361	4.9622729
362	5.9243216
363	7.6712714
364	4.9678222
365	12.1986449
366	6.844114
367	2.1824396
368	5.0815951
369	9.7230746
370	6.3604093
371	3.9559834
372	7.7937393
373	4.0997436
374	7.7230612
375	8.8467476
376	6.9337951
377	5.1781793
378	2.9351149
379	7.7951774
380	10.9298864
381	11.862966
382	7.2175695
383	4.6924464
384	5.3376069
385	7.3265984
386	10.6914269
387	3.0241025
388	6.2060366
389	2.4533448
390	11.2496746
391	6.0995002
392	6.3281923
393	9.1531838
394	7.83215
395	7.623381
396	8.0699825
397	9.5999077
398	10.4255748
399	2.8958792
400	8.7801137
401	8.2439155
402	7.3354218
403	5.8374838
404	8.6701227
405	2.5883347
406	5.4330457
407	8.8919588
408	10.207581
409	5.8291008
410	3.7440425
411	12.43466
412	6.3840313
413	7.594546
414	9.5319049
415	6.9773071
416	6.4627774
417	8.1769355
418	8.3044034
419	7.7405054
420	7.6202217
421	8.3875293
422	7.4451698
423	8.998242
424	6.7095288
425	6.4664341
426	8.9173333
427	7.4420358
428	9.0987904
429	7.5616956
430	8.4019067
431	8.0243834
432	10.3392167
433	6.8260793
434	4.7670355
435	8.6852694
436	7.0011703
437	11.0892396
438	8.8878564
439	6.8848715
440	6.2042671
441	6.496432
442	3.0614779
443	9.7863394
444	7.1153599
445	7.4856754
446	6.4292579
447	6.0078594
448	10.6826528
449	13.0005477
450	7.3397753
451	3.6385136
452	8.9321066
453	6.0055937
454	7.6458828
455	6.692449
456	6.2771426
457	5.6356964
458	9.7915956
459	8.1626264
460	5.3820198
461	9.823138
462	2.7747906
463	8.083873
464	7.1293535
465	6.5014415
466	6.6941669
467	6.5963896
468	8.2206063
469	2.9885314
470	9.7731463
471	7.6606514
472	-7.3019771
473	-6.713794
474	-8.2044103
475	-7.3297783
476	-5.4897673
477	-3.474805
478	-8.2614306
479	-4.2743786
480	-8.5269952
481	-6.8460436
482	-7.6686082
483	-2.2604025
484	-8.7334767
485	-4.3085768
486	-5.6136549
487	-9.9258989
488	-6.3972002
489	-7.9803395
490	-6.2457447
491	-9.9299084
492	-3.3394358
493	-12.2617425
494	-9.3337706
495	-7.3982483
496	-5.4640626
497	-7.3600844
498	-2.4128414
499	-9.0599277
500	-10.4042876
501	-5.2233323
502	-5.1439659
503	-6.638036
504	-11.0022886
505	-4.2251776
506	-6.4210088
507	-5.2677991
508	-10.7481999
509	-3.366051
510	-9.7270053
511	-6.8034989
512	-6.5007039
513	10.7568642
514	10.4880884
515	11.9308761
516	11.3151716
517	16.7283091
518	10.9900278
519	11.4049699
520	13.2507513
521	9.3746444
522	11.8805814
523	10.108186
524	10.8024375
525	11.6448332
526	9.1300718
527	9.7563226
528	12.0838124
529	14.7542598
530	12.7492512
531	9.9022006
532	13.8444192
533	9.9098276
534	13.519967
535	7.3551977
536	13.0607765
537	10.1238195
538	12.6183556
539	8.1338021
540	14.4295778
541	10.855254
542	12.1051252
543	8.3773036
544	12.1560341
545	10.9545287
546	9.4029677
547	6.8468513
548	13.2930378
549	10.47388
550	12.1742958
551	7.1541227
552	11.337123
553	12.9921646
554	12.3981898
555	8.1336573
556	12.3819771
557	9.6122205
558	9.7143741
559	9.9126885
560	11.6594146
561	12.6454678
562	12.8839946
563	11.9183179
564	10.0212705
565	8.554544
566	11.6978377
567	11.6863703
568	10.1117649
569	13.6700591
570	10.1968305
571	11.0413467
572	11.2749595
573	12.8834539
574	8.7634763
575	5.408991
576	10.3141242
577	10.9187735
578	11.5313419
579	6.6440146
580	12.8830783
581	8.9489882
582	9.9473855
583	10.0407552
584	10.6147692
585	12.8239488
586	11.2518219
587	11.5211619
588	8.4238068
589	9.905171
590	9.2041774
591	15.3379706
592	12.7070614
593	11.5025474
594	11.0312943
595	10.8938845
596	10.0960408
597	11.4352892
598	10.0464405
599	7.8983725
600	11.3319703
601	7.0596034
602	14.66766
603	12.8421814
604	14.7926039
605	16.1771284
606	8.4290623
607	10.8776683
608	8.6637116
609	13.2707738
610	15.5435044
611	8.8697866
612	12.3602533
613	9.9788643
614	13.5984155
615	11.6105033
616	10.0304693
617	12.2963821
618	12.2534279
619	13.0143752
620	11.1149294
621	11.8756792
622	15.3074687
623	10.5356987
624	13.8250371
625	10.5779323
626	12.8387712
627	14.5227703
628	12.7290517
629	9.8436326
630	12.9863924
631	13.4845333
632	9.8491236
633	13.783469
634	11.9371966
635	10.9875261
636	11.5821484
637	14.3908453
638	14.0068662
639	7.0423355
640	11.0805213
641	11.1676326
642	7.9817596
643	11.7448435
644	9.0583147
645	9.6506716
646	15.4275097
647	10.571238
648	11.1424638
649	12.2769334
650	11.7980701
651	14.3196738
652	11.2991133
653	10.2944409
654	11.078638
655	9.0974006
656	10.3289043
657	14.0137667
658	10.6774896
659	10.6935791
660	13.5253147
661	11.6653054
662	9.7501868
663	13.3864905
664	9.1706724
665	5.1656011
666	11.6765066
667	11.8774859
668	11.7332889
669	12.3257901
670	10.9050968
671	10.2103957
672	13.3086392
673	10.524353
674	11.3283659
675	13.3647836
676	6.7684587
677	12.6014176
678	16.0628639
679	8.9493019
680	10.1949529
681	9.0543899
682	12.8846392
683	7.3134885
684	9.670914
685	12.4874059
686	6.9358824
687	10.9396191
688	8.7721363
689	12.5290467
690	10.0702287
691	10.0949238
692	13.1677828
693	10.3764766
694	11.7088299
695	7.630384
696	9.6082715
697	13.7558581
698	11.046901
699	9.1422838
700	10.8279201
701	11.7044818
702	13.4503968
703	6.4293826
704	13.3910991
705	10.5176109
706	10.7162679
707	10.1237449
708	11.6198474
709	10.040607
710	9.6681178
711	12.7157379
712	15.6324698
713	7.567511
714	13.2865725
715	10.4298825
716	12.7765774
717	11.7637768
718	9.9445084
719	10.5576659
720	11.554414
721	9.3136019
722	8.0450949
723	13.3357933
724	11.7613408
725	13.7225586
726	10.0308181
727	8.479903
728	9.6560443
729	9.1832386
730	12.4452547
731	11.5106751
732	9.2718927
733	11.3822598
734	12.5349107
735	13.2523156
736	11.8148329
737	10.7262926
738	12.4379167
739	7.837025
740	10.9188981
741	10.1743891
742	11.3535332
743	10.6114311
744	11.9627997
745	9.3328692
746	5.228211
747	9.42995
748	11.7309216
749	7.9000328
750	14.4177346
751	14.1791641
752	10.7449252
753	11.3703858
754	14.152049
755	10.2656774
756	12.1183374
757	13.5921025
758	12.9190351
759	12.8341084
760	11.6502969
761	9.0574119
762	13.6438159
763	14.1135958
764	13.6400776
765	11.145101
766	10.1869632
767	10.5765652
768	13.0255735
769	13.4401307
770	12.9315487
771	11.7184722
772	8.8247539
773	9.7906972
774	10.0448866
775	10.545934
776	14.9732884
777	13.0043484
778	10.398446
779	13.9913149
780	10.2922602
781	12.2410532
782	10.2047242
783	9.993222
784	10.6506088
785	12.854066
786	11.8684029
787	10.7743005
788	13.1367985
789	12.4195738
790	7.9622043
791	10.6558186
792	9.5922642
793	11.2554637
794	9.1151472
795	7.5451279
796	9.7577968
797	11.499681
798	12.1466566
799	15.7330025
800	10.6799374
801	7.8403038
802	10.745306
803	8.6432232
804	8.1153663
805	6.8574356
806	11.2828097
807	13.9375378
808	3.3743031
809	12.1790951
810	11.4558006
811	6.287102
812	9.1258584
813	11.6824361
814	11.9294669
815	13.3421785
816	6.5948874
817	10.7274898
818	11.2064249
819	11.3826765
820	-3.0544469
821	-5.6781617
822	-1.4658624
823	-4.0709735
824	-5.9980677
825	-5.8328331
826	-4.2669713
827	-4.7686419
828	-3.8823344
829	-5.6366091
830	-3.0757943
831	-6.4603339
832	-4.6516388
833	-3.606392
834	-2.6842746
835	-8.2706293
836	-3.0191749
837	-3.50501
838	-7.4091554
839	-5.0171636
840	-2.9009553
841	-5.9985673
842	-0.984173
843	-3.8493457
844	-8.4672738
845	-2.7004938
846	-8.5083116
847	-2.5515236
848	-2.785962
849	-7.6129113
850	-0.6258091
851	-7.665771
852	-0.6830008
853	-2.753032
854	-3.1868663
855	-8.5338992
856	-4.9623168
857	-6.6496392
858	-6.8178846
859	-2.0062191
860	-1.8476328
861	-4.226783
862	-0.73797
863	-5.5960209
864	-5.2353515
865	-4.7700434
866	-0.4576972
867	-2.2522456
868	0.1475673
869	-3.8990428
870	-1.9436984
871	-2.6398872
872	-8.5380728
873	-3.0199826
874	-5.0272564
875	-1.2563968
876	-2.8721411
877	-6.8694305
878	-4.1294018
879	-7.3357376
880	1.9510122
881	0.5318635
882	-2.803941
883	-3.7942106
884	0.0751983
885	-7.8212884
886	-2.5684472
887	-7.9718343
888	-2.8560255
889	-7.1123701
890	-4.9888482
891	-2.8738149
892	-5.3859346
893	-5.6378999
894	-5.2412465
895	-5.4639189
896	-3.2493224
897	-5.4681137
898	-7.2591839
899	-7.7903021
900	-6.2977011
901	-6.2731522
902	3.124892
903	-0.1421411
904	0.7141481
905	7.5343652
906	3.2485121
907	6.4918106
908	4.87393
909	2.3662634
910	1.512713
911	2.8105008
912	8.1344651
913	2.2092529
914	-2.2238239
915	4.4522908
916	5.5526628
917	4.23464
918	0.384103
919	5.3511086
920	4.7336472
921	2.472776
922	7.1434786
923	3.5881466
924	6.7559282
925	4.4921898
926	2.2612258
927	1.3186015
928	3.826923
929	5.9436667
930	5.7735928
931	7.1884206
932	2.8229515
933	6.1108921
934	-2.3135487
935	2.0510462
936	-5.2391728
937	1.0335944
938	3.1609032
939	5.2459721
940	2.8522541
941	2.4950022
942	3.3134469
943	5.4847359
944	1.1420819
945	3.800296
946	3.627823
947	1.7121754
948	0.6073964
949	2.5303312
950	4.091126
951	2.0713475
952	2.1839114
953	-0.4923495
954	2.2490785
955	2.0346288
956	7.5151559
957	4.6543616
958	6.135337
959	4.0130913
960	2.8688725
961	3.8494833
962	3.3076434
963	0.4963337
964	4.048745
965	3.0962127
966	-0.8567164
967	1.9155177
968	2.2540925
969	6.1059192
970	2.0534278
971	1.6345075
972	4.8663919
973	4.0950343
974	6.1607102
975	0.9280558
976	5.4836593
977	0.0674196
978	1.9207529
979	4.8460328
980	1.0292052
981	3.7413273
982	6.0963143
983	1.877752
984	3.4174315
985	3.4773243
986	7.8182868
987	4.640498
988	6.5227908
989	3.5641759
990	2.3499589
991	0.9407875
992	2.5312657
993	1.9896651
994	3.5501826
995	3.796394
996	0.9869829
997	3.5720404
998	3.6504577
999	3.7117349
1000	-0.2586989
1001	11.3307844
1002	0.6639951
1003	0.7639304
1004	-1.7379807
1005	4.4743914
1006	5.9973811
1007	3.8487142
1008	4.134512
1009	2.2166543
1010	3.3810602
1011	2.5507442
1012	4.6410816
1013	5.7414297
1014	3.7494696
1015	1.9926103
1016	4.8346329
1017	2.0792876
1018	2.7946521
1019	4.295909
1020	4.7574822
1021	1.1870584
1022	-0.7629326
1023	3.589484
1024	6.6025316
1025	4.0396899
1026	2.9853913
1027	4.2276442
1028	2.5595785
1029	6.1848243
1030	2.3361401
1031	4.5079682
1032	5.2480318
1033	4.4014019
1034	-0.8222823
1035	-0.7115821
1036	4.5596914
1037	3.8451446
1038	4.4875844
1039	-2.0705581
1040	3.5292826
1041	2.1330882
1042	7.9532416
1043	3.3865425
1044	1.5147293
1045	3.6039045
1046	6.2933728
1047	2.6943062
1048	3.8889244
1049	2.06259
1050	3.5525789
1051	4.188753
1052	5.1481335
1053	4.5060812
1054	-0.5331078
1055	5.5093692
1056	2.8775113
1057	6.164558
1058	4.0329274
1059	4.9930755
1060	-1.0320471
1061	2.028207
1062	1.1389159
1063	4.2972478
1064	4.8056952
1065	-0.4601897
1066	5.888815
1067	8.8586619
1068	3.1779864
1069	4.5935121
1070	2.1998681
1071	7.0362367
1072	4.9423802
1073	1.392739
1074	2.6935365
1075	1.2800619
1076	4.743918
1077	3.1826707
1078	-0.2493117
1079	6.8361211
1080	2.806517
1081	11.3241465
1082	-0.0171398
1083	1.1410512
1084	4.1604947
1085	-1.0481625
1086	7.2974674
1087	5.216552
1088	3.8009902
1089	4.7610927
1090	0.3972397
1091	1.8544402
1092	-0.8488357
1093	6.0537679
1094	3.7599351
1095	4.4650032
1096	0.4978531
1097	2.8325904
1098	0.4226655
1099	5.3267801
1100	1.8304141
1101	5.7949036
1102	5.4120646
1103	3.6117804
1104	3.6010935
1105	3.1421883
1106	1.3944074
1107	6.3296367
1108	3.9708191
1109	5.0688651
1110	-0.4114271
1111	2.0186808
1112	1.8801794
1113	5.4697895
1114	1.2595617
1115	-0.4366872
1116	3.7979585
1117	4.7643903
1118	4.9770969
1119	5.1614114
1120	2.6756955
1121	2.7929719
1122	5.6015588
1123	6.9424215
1124	6.5204483
1125	5.4966048
1126	-1.0406187
1127	3.4054111
1128	4.081335
1129	5.5764513
1130	3.8922677
1131	5.2554017
1132	1.2029774
1133	4.8622911
1134	5.3326704
1135	4.822134
1136	3.8877996
1137	5.6571155
1138	4.6205004
1139	5.094568
1140	2.3600998
1141	1.649349
1142	3.6913301
1143	1.239593
1144	7.8699553
1145	1.2267357
1146	4.4232576
1147	4.6887085
1148	6.8195342
1149	3.5787281
1150	3.1211337
1151	7.1207567
1152	6.8784767
1153	2.3121059
1154	6.9115782
1155	7.3272778
1156	3.9897825
1157	2.441597
1158	5.8723553
1159	3.4231574
1160	4.5028585
1161	1.755283
1162	3.264874
1163	7.325048
1164	2.1752675
1165	2.3409309
1166	1.2855444
1167	-0.0591586
1168	1.2875951
1169	3.2813756
1170	1.9424004
1171	2.9973384
1172	3.8584012
1173	5.8986627
1174	1.5507919
1175	5.1012535
1176	1.0787827
1177	6.854073
1178	0.5450009
1179	3.7601246
1180	5.5394072
1181	1.860963
1182	2.1014875
1183	2.8311003
1184	0.4497455
1185	1.1321574
1186	0.4614366
1187	1.1764905
1188	4.6435748
1189	1.0121198
1190	2.6245997
1191	1.1523293
1192	3.3444945
1193	3.1207285
1194	5.7506956
1195	3.3706229
1196	7.9069581
1197	4.2580159
1198	3.4512861
1199	-0.8708625
1200	3.4644221
1201	4.0986864
1202	2.8937146
1203	5.6158988
1204	3.96909
1205	3.5637221
1206	4.9936055
1207	6.3169728
1208	5.2929169
1209	3.4375258
1210	2.8209383
1211	5.6033567
1212	-0.5559852
1213	2.7042137
1214	3.6658923
1215	-1.2895179
1216	2.5653075
1217	6.3517499
1218	3.245392
1219	5.329522
1220	3.7408827
1221	9.4634731
1222	3.3841493
1223	0.4148252
1224	5.0802666
1225	2.6536238
1226	4.3474578
1227	0.882925
1228	5.1097691
1229	0.928344
1230	0.9409774
1231	3.4943099
1232	1.3973424
1233	5.1825435
1234	3.1520805
1235	2.2683678
1236	5.1892462
1237	6.0699847
1238	3.896652
1239	4.6170611
1240	2.8917019
1241	2.5421212
1242	6.0548287
1243	1.7691075
1244	0.4958886
1245	11.8781849
1246	3.8993371
1247	1.9153686
1248	3.5936906
1249	7.769637
1250	4.5438367
1251	4.3957437
1252	5.3023588
1253	3.9405617
1254	5.0911234
1255	4.8305142
1256	5.8215442
1257	5.9451674
1258	4.5601148
1259	1.133044
1260	3.2561775
1261	5.9409975
1262	5.4475325
1263	1.8609985
1264	-0.3020036
1265	4.3225206
1266	1.1494051
1267	7.8290833
1268	2.3781993
1269	3.196669
1270	3.2724379
1271	2.3437506
1272	4.9406746
1273	3.0215129
1274	3.1444822
1275	1.7969001
1276	2.0987791
1277	1.1344121
1278	2.7137396
1279	4.1504358
1280	7.1222434
1281	1.311525
1282	1.3815903
1283	-0.6792099
1284	4.0416305
1285	2.3891945
1286	2.3444138
1287	2.040632
1288	6.1281097
1289	8.0514402
1290	2.7949902
1291	3.5060184
1292	4.6898656
1293	2.8371495
1294	4.0835202
1295	2.5866244
1296	2.132821
1297	3.8698814
1298	0.8664333
1299	2.8866375
1300	5.3427739
1301	2.608808
1302	1.4983653
1303	1.2314209
1304	5.6805609
1305	2.9600918
1306	4.8385048
1307	1.7238482
1308	2.4236
1309	2.9904246
1310	8.3673511
1311	1.1236106
1312	6.1595428
1313	0.7396373
1314	3.3790167
1315	0.3985722
1316	6.3151543
1317	2.6778762
1318	9.7158337
1319	2.8689382
1320	0.0932397
1321	4.6249668
1322	3.9573162
1323	1.3555031
1324	2.1284014
1325	1.086779
1326	3.6376207
1327	1.694196
1328	3.35332
1329	4.7785634
1330	8.0156135
1331	2.2954619
1332	22.6436406
1333	14.4507693
1334	18.4024296
1335	20.0621326
1336	20.428459
1337	16.2389598
1338	18.2058907
1339	20.7474334
1340	19.7876973
1341	14.7068966
1342	21.2650536
1343	18.2487117
1344	15.8039021
1345	13.5929143
1346	19.9413652
1347	15.4040815
1348	20.2727935
1349	15.4268113
1350	20.490735
1351	23.4640887
1352	17.4709472
1353	20.9590733
1354	17.035051
1355	21.7695785
1356	18.141038
1357	19.3256431
1358	17.4310794
1359	19.3393707
1360	22.6920665
1361	20.6048544
1362	18.7512426
1363	17.5057003
1364	24.0459498
1365	18.2813493
1366	18.1684144
1367	24.846801
1368	19.8745287
1369	15.5465606
1370	20.8950772
1371	22.3478591
1372	19.7416042
1373	21.8036842
1374	18.5303038
1375	21.4235318
1376	18.4343756
1377	20.1273285
1378	18.4514636
1379	15.0422303
1380	20.3273145
1381	20.1155336
1382	17.9892954
1383	18.8540006
1384	20.856737
1385	19.2502386
1386	19.9419708
1387	19.2626633
1388	19.1490064
1389	17.3524302
1390	16.8109293
1391	18.278915
1392	22.5233148
1393	15.4222847
1394	18.8621074
1395	21.3120902
1396	15.2982362
1397	20.5467446
1398	14.087384
1399	18.1288027
1400	20.8434525
1401	15.9347537
1402	21.112834
1403	19.1906442
1404	22.0191728
1405	21.1748341
1406	24.6672123
1407	18.6858572
1408	16.4798577
1409	18.2086581
1410	14.4496453
1411	18.7088837
1412	17.9142721
1413	22.2515019
1414	19.7395787
1415	15.8017854
1416	16.2587081
1417	14.1508051
1418	16.7848265
1419	18.4948971
1420	20.1699136
1421	20.6834069
1422	19.6664466
1423	17.4530903
1424	20.3379738
1425	17.7056015
1426	14.3238986
1427	18.4893189
1428	17.5141852
1429	18.6857867
1430	19.2828886
1431	17.5662451
1432	19.3437525
1433	16.7303445
1434	19.7332665
1435	18.0839366
1436	18.1651486
1437	18.2563935
1438	18.516127
1439	18.2687753
1440	16.2345105
1441	17.5558024
1442	17.409645
1443	18.0980864
1444	19.4027948
1445	18.398268
1446	20.7476086
1447	20.4749928
1448	20.2825691
1449	21.9139472
1450	16.7699822
1451	16.7812226
1452	18.5959119
1453	21.7915583
1454	21.9118815
1455	22.9245084
1456	18.2952083
1457	18.3126647
1458	17.7162827
1459	13.5387524
1460	22.587244
1461	20.2242526
1462	18.0042212
1463	17.6437313
1464	19.0457143
1465	18.9088187
1466	15.1430028
1467	15.9630646
1468	18.5792987
1469	19.2094815
1470	17.2884378
1471	19.7799438
1472	18.4468722
1473	20.1700934
1474	20.2132006
1475	17.8452267
1476	18.1751246
1477	17.7888391
1478	19.483908
1479	20.1455905
1480	21.6587296
1481	19.0423367
1482	18.7894793
1483	19.7771565
1484	19.5639699
1485	19.8858163
1486	21.3218475
1487	20.3502661
1488	17.3196917
1489	20.5217496
1490	20.0148906
1491	19.8099849
1492	22.3593896
1493	12.836035
1494	18.2636684
1495	20.5822451
1496	21.5517477
1497	21.6642638
1498	17.1021314
1499	21.4966074
1500	22.3157615
1501	18.2292801
1502	22.1119344
1503	17.4486098
1504	16.3216466
1505	20.9116951
1506	15.5812395
1507	17.2424175
1508	18.3120882
1509	21.0220631
1510	15.4415602
1511	17.3091877
1512	16.7137796
1513	13.9137951
1514	19.0375111
1515	15.8285564
1516	16.0396463
1517	19.7688508
1518	16.8469505
1519	18.8813929
1520	19.2711
1521	18.5297373
1522	19.3795328
1523	21.7406808
1524	17.6664457
1525	18.4068675
1526	18.0095099
1527	20.4935971
1528	16.5477114
1529	20.4799514
1530	21.0137484
1531	16.2675732
1532	16.3933833
1533	19.9908652
1534	18.0073909
1535	18.089615
1536	18.4509329
1537	17.7475834
1538	17.6760465
1539	18.4535771
1540	16.6656639
1541	20.6984198
1542	19.2726485
1543	18.7234358
1544	21.9174353
1545	23.0443118
1546	22.4042881
1547	20.7760254
1548	17.7682905
1549	16.4195305
1550	19.0049336
1551	20.04545
1552	16.1339547
1553	15.3717862
1554	19.3205661
1555	16.1120127
1556	17.5496199
1557	8.2692758
1558	3.0257292
1559	4.6698046
1560	4.8807685
1561	9.2960314
1562	8.8462013
1563	11.4775703
1564	7.4397998
1565	4.6088124
1566	3.6788867
1567	11.2334264
1568	9.2376391
1569	9.118623
1570	8.7104622
1571	7.7579099
1572	5.034737
1573	5.1903914
1574	9.622318
1575	7.7814291
1576	8.5765676
1577	5.8272559
1578	4.2511251
1579	8.9207248
1580	7.9122897
1581	7.7608639
1582	6.8880606
1583	7.8021731
1584	9.4075344
1585	4.2382522
1586	5.3384882
1587	5.123555
1588	5.0296924
1589	1.2656531
1590	10.1001365
1591	5.7120414
1592	2.6864343
1593	9.2745642
1594	6.6781558
1595	11.0787129
1596	4.1874725
1597	7.8483945
1598	15.1459205
1599	16.7980012
1600	11.5779815
1601	19.2382086
1602	12.9977762
1603	18.3964679
1604	16.0040538
1605	19.5075964
1606	20.1753684
1607	17.4676521
1608	11.8340069
1609	16.6920756
1610	13.2021772
1611	15.4417104
1612	15.7661163
1613	18.9567532
1614	16.0218377
1615	16.5133826
1616	14.5246235
1617	13.7531014
1618	15.5936722
1619	19.6839035
1620	16.7270167
1621	15.0055897
1622	15.0183144
1623	18.4367792
1624	15.0706272
1625	17.0023115
1626	16.3248427
1627	13.7845885
1628	15.1770033
1629	15.3447744
1630	14.6770195
1631	18.7215578
1632	17.0677718
1633	14.5652064
1634	15.0938176
1635	16.7884187
1636	19.5221548
1637	15.248925
1638	13.2075666
1639	14.4811816
1640	14.0824916
1641	14.8459846
1642	16.4820622
1643	15.5047502
1644	14.8272529
1645	16.3009946
1646	16.4127385
1647	13.820425
1648	13.1899775
1649	16.3720543
1650	19.0778431
1651	21.6538449
1652	17.0534373
1653	17.732326
1654	14.5736758
1655	16.1306228
1656	12.734134
1657	12.4142785
1658	23.1523501
1659	15.6328966
1660	-0.8697386
1661	-2.0333751
1662	-3.6466727
1663	-1.3322754
1664	0.9471117
1665	1.3255254
1666	-3.1855556
1667	1.2125689
1668	1.0874399
1669	-2.0619658
1670	2.0934963
1671	-4.0117041
1672	1.1718429
1673	0.2650829
1674	1.4654752
1675	2.0645933
1676	-0.3893255
1677	2.3666871
1678	-3.0808727
1679	-0.9794944
1680	-2.8538001
1681	-1.4181224
1682	4.7330684
1683	2.4486858
1684	2.8842879
1685	1.897546
1686	-1.4316231
1687	3.5391861
1688	-0.2719585
1689	-0.7174609
1690	-4.2350422
1691	1.0048243
1692	-0.7825767
1693	0.5831101
1694	-4.7499549
1695	-2.6453315
1696	2.5707983
1697	2.3151321
1698	-2.4778842
1699	0.6476569
1700	1.3527993
1701	2.1332861
1702	-0.7759762
1703	-5.7751783
1704	-0.1119894
1705	-2.6613929
1706	0.4440671
1707	-1.9089742
1708	-1.2725823
1709	-1.090107
1710	0.3876398
1711	4.2111415
1712	-0.1147913
1713	2.0255212
1714	-0.3796847
1715	-0.496222
1716	-1.8992019
1717	1.3704922
1718	-4.7042236
1719	-0.472736
1720	6.2552086
1721	-4.2994333
1722	1.9615962
1723	0.4260019
1724	2.2815144
1725	0.6383657
1726	-0.4814895
1727	-2.7500367
1728	-2.4725419
1729	1.0375278
1730	-3.7795342
1731	-0.3441311
1732	1.7782194
1733	-2.8762601
1734	-1.2065919
1735	-2.0313889
1736	-3.8031282
1737	0.9631072
1738	1.3001691
1739	1.7766311
1740	0.2226842
1741	0.2917308
1742	-1.4104782
1743	0.9231455
1744	-2.0882398
1745	2.3970689
1746	1.2705467
1747	2.2503481
1748	1.3515981
1749	1.5576504
1750	-1.1414741
1751	1.395469
1752	-1.088534
1753	-1.8291113
1754	-2.4044302
1755	0.4846988
1756	2.2180165
1757	-0.9758231
1758	1.4025453
1759	-2.3891028
1760	-0.8353298
1761	-1.3353207
1762	-2.2590905
1763	-0.313827
1764	-1.8317501
1765	-0.5327219
1766	1.0045866
1767	0.060457
1768	-1.8982171
1769	-3.7222503
1770	4.4055142
1771	-1.8350086
1772	-4.5596987
1773	2.0462683
1774	-0.2969039
1775	-0.3066085
1776	-2.9992452
1777	-5.2370448
1778	-2.3020254
1779	2.4733757
1780	0.5889344
1781	1.4470282
1782	-4.6014055
1783	-2.1977364
1784	-0.3417132
1785	0.3363498
1786	3.1376022
1787	3.2863715
1788	0.3845361
1789	-0.082439
1790	-1.3806941
1791	-0.029111
1792	-1.0179697
1793	-4.9234381
1794	-0.6387881
1795	-1.0121066
1796	0.4949543
1797	4.4044063
1798	-1.0850473
1799	-3.3072436
1800	-1.9159418
1801	-2.2781582
1802	-1.0953098
1803	-0.6461637
1804	2.0220538
1805	-1.4332765
1806	0.586178
1807	3.7304895
1808	-3.3339834
1809	5.3836365
1810	1.8658624
1811	-1.4703917
1812	0.6668123
1813	-6.6192385
1814	-3.0222928
1815	-3.2332622
1816	0.7601965
1817	-1.0829958
1818	-2.9883191
1819	0.895996
1820	5.5535178
1821	2.5413982
1822	1.3056259
1823	-0.5860149
1824	-0.5853035
1825	0.8542415
1826	3.6055407
1827	7.4908116
1828	2.2473052
1829	-0.8385617
1830	5.5386125
1831	-0.692157
1832	5.4524254
1833	2.8318871
1834	1.575265
1835	0.9623234
1836	-3.1015853
1837	2.2643328
1838	-3.3571463
1839	1.6512916
1840	-1.4438944
1841	-2.6795388
1842	1.2574925
1843	1.3687044
1844	1.5049004
1845	-0.5167314
1846	2.4354896
1847	1.9139119
1848	0.9442026
1849	-2.894276
1850	-0.1792683
1851	-4.6865589
1852	3.5075378
1853	2.2572751
1854	0.5013523
1855	-1.330438
1856	1.4532689
1857	-1.8821288
1858	0.291397
1859	0.4460348
1860	0.1268779
1861	1.432163
1862	2.2442988
1863	-0.9684905
1864	0.0619516
1865	2.5269388
1866	3.3178498
1867	-3.0288757
1868	-1.4127594
1869	-0.6246701
1870	-2.2464804
1871	3.5578995
1872	0.1889272
1873	3.6272041
1874	0.9104726
1875	-0.7178962
1876	0.2380275
1877	3.9258304
1878	-3.9290743
1879	1.0218431
1880	-0.0704673
1881	-2.795054
1882	-1.7275568
1883	1.8687299
1884	1.5210496
1885	-0.193374
1886	1.5931723
1887	0.3511528
1888	-0.8601288
1889	1.1163841
1890	-1.939402
1891	-4.0525062
1892	5.3407795
1893	-1.3050138
1894	-2.0397753
1895	2.7719729
1896	2.3134949
1897	0.2337989
1898	2.9412482
1899	-0.7401091
1900	-0.7331642
1901	-0.6261231
1902	-1.6935849
1903	-1.6641772
1904	3.0347307
1905	-0.0528254
1906	0.5436403
1907	4.3542013
1908	2.462743
1909	-5.863836
1910	2.1567645
1911	-1.6502405
1912	0.3816631
1913	2.778988
1914	1.710079
1915	-1.9003
1916	-1.7024511
1917	-1.6242162
1918	1.9127784
1919	2.1472333
1920	-1.110312
1921	2.5664808
1922	2.0525475
1923	-4.3643372
1924	-0.3917215
1925	-0.4845161
1926	0.1704443
1927	0.8196771
1928	0.0551205
1929	0.6928597
1930	-2.5531655
1931	-0.6320854
1932	0.5212463
1933	2.1098447
1934	0.6318127
1935	0.3179732
1936	3.9076484
1937	0.3544553
1938	-0.9103448
1939	1.6744438
1940	0.6305288
1941	-6.7570822
1942	0.0763907
1943	2.2206933
1944	-0.9260387
1945	0.0223936
1946	-1.547303
1947	2.1177763
1948	-0.8399481
1949	0.4713051
1950	3.8889108
1951	-1.1937633
1952	1.0438563
1953	1.1101825
1954	-1.8785968
1955	0.3386181
1956	-0.420299
1957	3.332607
1958	-0.3194199
1959	-3.929696
1960	-2.1006104
1961	0.6969422
1962	2.8159635
1963	-3.8640602
1964	2.5312633
1965	-1.0353983
1966	3.1302028
1967	0.7148417
1968	-3.6042823
1969	-2.5488748
1970	-2.9985765
1971	-5.8470094
1972	0.9464996
1973	-0.6876713
1974	-5.364662
1975	-1.0735609
1976	3.1473931
1977	-1.1273624
1978	-4.3792068
1979	1.6955401
1980	-2.9035979
1981	-1.6105836
1982	2.7910655
1983	2.8112905
1984	-4.7127469
1985	2.1045529
1986	-1.5216769
1987	-0.542308
1988	3.2077998
1989	2.4672501
1990	-1.7313058
1991	-3.1482094
1992	-2.3975819
1993	-1.9554128
1994	-2.0736855
1995	0.2919121
1996	-2.076002
1997	0.9021933
1998	0.9864268
1999	3.3677293
2000	1.1542738
2001	-3.3755159
2002	1.8301213
2003	0.5133114
2004	-0.7531937
2005	-2.2364814
2006	0.422501
2007	-0.645244
2008	1.0263621
2009	-1.6676159
2010	0.0184984
2011	0.0171262
2012	-1.2060718
2013	-1.1738627
2014	-1.4833878
2015	2.0724386
2016	-1.5042553
2017	1.6217156
2018	1.9191709
2019	-2.2355189
2020	-0.1902428
2021	-5.5333083
2022	-4.5536931
2023	-1.3823868
2024	4.2219167
2025	0.4830388
2026	2.5098842
2027	1.9708382
2028	-1.5936535
2029	0.5684167
2030	3.4736463
2031	-0.5744198
2032	-0.8425194
2033	0.0231986
2034	4.1982137
2035	1.8565879
2036	3.6150493
2037	1.3122586
2038	1.7500785
2039	-1.6068329
2040	3.0637544
2041	-0.3945825
2042	-3.2317752
2043	-0.8912454
2044	-0.0382481
2045	1.0152692
2046	2.4576267
2047	0.8756583
2048	-2.0286477
